41
163
121
9
187
45
151
192
170
75
4
115
139
168
127
93
162
107
153
37
199
120
102
63
28
197
25
14
83
11
182
94
81
109
141
48
161
118
129
7
165
39
138
181
116
57
27
117
149
12
113
1
69
136
145
97
173
103
59
10
154
180
128
70
184
76
193
73
54
17
146
159
21
183
23
100
142
89
125
105
174
134
155
132
29
49
189
15
13
78
108
67
18
53
22
133
82
111
106
46
56
16
34
33
26
171
152
160
164
79
147
6
44
169
88
110
188
166
40
52
158
200
157
55
32
114
123
66
144
74
150
177
60
77
124
119
130
99
195
20
137
186
8
91
65
126
72
38
86
143
30
112
85
92
179
196
5
131
2
47
